ori = [7.0, 4.6273073829405185, 3.042013467133261, 7.542859672001882, 9.749923490411728, 13.090169943749475, 7.980655701641791, -5.319292809171913, -7.108296509971623, -4.5690307977544276, -6.510565162951535, -7.200491536685098, -11.870330238144987, -11.305465954255009, 1.9097866249815936, 8.090169943749485, 6.77252204241173, 7.154792919598085, 5.317148323658091, 9.132581267728419, 12.877852522924734, 2.2433276131470583, -7.150017832273187, -8.517211836771324, -9.121219541535343, -5.000000000000008, -5.8851515640355565, -12.321437901951938, -5.913949854773376, 4.594468622316926, 8.877852522924726, 11.483722276898318, 6.5532163011578834, 3.350566854417459, 10.008590019911503, 8.090169943749514, -1.3262813525181905, -7.5012398890743945, -13.106398215644793, -9.551632545854998, -2.510565162951538, -6.920171806924328, -8.34436448747144, -1.5150667439913077, 4.744587724141997, 13.090169943749483, 12.985991467911527, 3.7386336068212844, 4.278081444633028, 6.978448392110426, 3.000000000000009, -1.5371374391910824, -11.132183410882739, -15.63302961575134, -6.6597535466622695, -3.0901699437494634, -4.89048575789227, -2.7708771345775896, -0.9818734337778465, 7.659200741503804, 16.510565162951533, 10.290661480434617, 3.780160294395537, 3.215296010505563, 1.1803833187678798, 1.9098300562505046, -3.682352098662242, -15.24496286334756, -13.407318267407593, -6.042411323978989, -2.87785252292477, 0.8468423306024211, -0.9401521114762706, 0.42704189302179585, 12.21138948528478, 14.999999999999995, 8.975321507785049, 4.231267958202436, -2.1762200889760566, -1.5042986785674242, 1.1221474770752797, -8.393552333148845, -14.64338624490735, -11.44073679816699, -6.918420076162079, 1.9098300562504624, 4.416451296267694, -0.5889300546750427, 5.016228271895255, 12.641802489604514, 12.51056516295153, 10.010341750673767, 0.25419454372198, -6.575103199758153, -1.654417780392574, -3.090169943749364, -9.895821524162054, -11.828803550570726, -12.36825138838254, -3.8882784483610404, 6.999999999999983, 4.627307382940529, 3.042013467133199, 7.542859672001862, 9.749923490411692, 13.09016994374946, 7.980655701641762, -5.319292809171943, -7.1082965099716375, -4.569030797754421, -6.51056516295154, -7.200491536685179, -11.870330238144993, -11.305465954255194, 1.9097866249813635, 8.090169943749492, 6.772522042411657, 7.154792919598133, 5.31714832365812, 9.132581267728344, 12.877852522924748, 2.243327613147084, -7.15001783227312, -8.5172118367713, -9.121219541535359, -5.0000000000000675, -5.8851515640356045, -12.321437901951894, -5.913949854773438, 4.594468622316911, 8.877852522924742, 11.483722276898416, 6.553216301157929, 3.350566854417486, 10.00859001991154, 8.090169943749471, -1.326281352518204, -7.5012398890744105, -13.106398215644763, -9.551632545855146, -2.510565162951565, -6.920171806924145, -8.34436448747149, -1.515066743991394, 4.7445877241419625, 13.090169943749421, 12.985991467911667, 3.7386336068213426, 4.278081444632944, 6.97844839211051, 2.9999999999999902, -1.5371374391909696, -11.132183410882735, -15.633029615751367, -6.659753546662218, -3.090169943749414, -4.890485757892343, -2.7708771345775722, -0.9818734337778587, 7.65920074150402, 16.51056516295153, 10.290661480434544, 3.780160294395471, 3.215296010505578, 1.1803833187679982, 1.9098300562504666, -3.682352098662041, -15.244962863347471, -13.407318267407643, -6.0424113239788655, -2.8778525229247833, 0.8468423306024262, -0.9401521114762436, 0.42704189302176276, 12.211389485284665, 15.000000000000027, 8.97532150778503, 4.231267958202509, -2.176220088975997, -1.5042986785675239, 1.1221474770752362, -8.393552333148786, -14.643386244907363, -11.440736798166888, -6.91842007616213, 1.9098300562504822, 4.416451296267618, -0.5889300546750913, 5.016228271895146, 12.64180248960437, 12.510565162951579, 10.010341750673845, 0.2541945437222143, -6.575103199758261, -1.6544177803925721, -3.090169943749365, -9.895821524162013, -11.828803550570765, -12.368251388382577, -3.8882784483610857, 6.999999999999965, 4.627307382940679, 3.042013467133172, 7.542859672001769, 9.749923490411861, 13.090169943749366, 7.980655701641925, -5.319292809171642, -7.1082965099716775, -4.569030797754218, -6.510565162951558, -7.200491536685024, -11.870330238145078, -11.305465954255249, 1.9097866249817126, 8.09016994374945, 6.772522042411769, 7.154792919598049, 5.317148323658108, 9.132581267728439, 12.877852522924705, 2.243327613147285, -7.150017832273355, -8.517211836771345, -9.121219541535481, -5.000000000000099, -5.885151564035294, -12.321437901951912, -5.913949854773827, 4.5944686223166915, 8.877852522924613, 11.48372227689837, 6.553216301158071, 3.3505668544174334, 10.008590019911294, 8.090169943749519, -1.3262813525180437, -7.50123988907444, -13.106398215644738, -9.55163254585511, -2.510565162951549, -6.92017180692433, -8.344364487471536, -1.5150667439911913, 4.7445877241418035, 13.090169943749576, 12.985991467911692, 3.738633606821152, 4.278081444633065, 6.978448392110371, 3.000000000000078, -1.5371374391907564, -11.132183410882718, -15.633029615751488, -6.659753546662477, -3.0901699437494345];
 
